[gd_scene load_steps=8 format=2]

[ext_resource path="res://Player.tscn" type="PackedScene" id=1]

[sub_resource type="BoxShape" id=1]
extents = Vector3( 1, 1, 0.990345 )

[sub_resource type="SpatialMaterial" id=2]
albedo_color = Color( 0.713726, 1, 0.917647, 1 )

[sub_resource type="CubeMesh" id=3]
material = SubResource( 2 )

[sub_resource type="BoxShape" id=4]

[sub_resource type="CubeMesh" id=5]

[sub_resource type="SpatialMaterial" id=6]
albedo_color = Color( 0.639216, 0.54902, 0.639216, 1 )
metallic = 1.0
metallic_specular = 0.83

[node name="Level" type="Spatial"]

[node name="Camera" type="Camera" parent="."]
transform = Transform( 0.215406, 0.700473, -0.680395, -0.0469472, 0.703374, 0.709268, 0.975395, -0.120838, 0.184397, -13.167, 12.059, -0.304054 )

[node name="StaticBody" type="StaticBody" parent="."]
transform = Transform( 37.8197, 0, 0, 0, 1, 0, 0, 0, 28.17, 0, -1, 0 )

[node name="CollisionShape" type="CollisionShape" parent="StaticBody"]
transform = Transform( 1, 0, 0, 0, 1, 0, 0, 0, 1, 0, 0, -0.00316806 )
shape = SubResource( 1 )

[node name="MeshInstance" type="MeshInstance" parent="StaticBody"]
mesh = SubResource( 3 )
material/0 = null

[node name="Player" parent="." instance=ExtResource( 1 )]
transform = Transform( 0.999999, 0, 0, 0, 1, 0, 0, 0, 1, 3.49486, 1.03462, 0.877805 )

[node name="SpotLight" type="SpotLight" parent="Player"]
transform = Transform( -0.346703, 0.278103, -0.8958, 0.100379, 0.960551, 0.259355, 0.932589, 7.85354e-09, -0.360941, -3.29013, 2.30041, -0.877805 )
light_energy = 16.0
light_indirect_energy = 6.98
light_specular = 1.0

[node name="RigidBody2" type="RigidBody" parent="."]
transform = Transform( 0.677754, 0.735199, 0.0114862, -0.62439, 0.567214, 0.537034, 0.388311, -0.371149, 0.843483, -0.34673, 6.0443, -3.99716 )

[node name="CollisionShape" type="CollisionShape" parent="RigidBody2"]
shape = SubResource( 4 )

[node name="MeshInstance" type="MeshInstance" parent="RigidBody2"]
mesh = SubResource( 5 )
material/0 = SubResource( 6 )
